a(1:5,1)=4;
a(1:5~=2,1)=7;